Webots Project File version R2023b
perspectives: 000000ff00000000fd00000002000000010000011c000003b8fc0200000001fb0000001400540065007800740045006400690074006f00720000000017000003b80000003f00ffffff0000000300000800000000bcfc0100000001fb0000001a0043006f006e0073006f006c00650041006c006c0041006c006c0100000000000008000000006900ffffff00000800000003d500000001000000020000000100000008fc00000000
simulationViewPerspectives: 000000ff000000010000000200000197000006670100000002010000000100
sceneTreePerspectives: 000000ff00000001000000030000001e000001ff000001780100000002010000000200
maximizedDockId: -1
centralWidgetVisible: 1
orthographicViewHeight: 1
textFiles: -1
consoles: Console:All:All
renderingDevicePerspectives: track cart:depth camera;1;0.895833;0;0
renderingDevicePerspectives: track cart:rgb camera;1;0.683635;0.4277;0.019544
